601,Emmalee,90,18000.000000
602,Brian,180,20000.000000
603,Cahra,325,50000.000000
604,Arvin,220,50000.000000
605,Minda,90,15000.000000
606,Dedie,88,33000.000000
607,Lydia,325,15000.000000
608,Joshia,220,25000.000000
609,Bernita,325,15000.000000
610,Sayre,90,33000.000000
611,Pearla,220,20000.000000
612,Fidole,75,30000.000000
613,Evin,325,12000.000000
614,Fredia,60,20000.000000
615,Idalina,120,50000.000000
616,Hetti,75,30000.000000
617,Kirk,180,30000.000000
618,Orson,180,25000.000000
619,Lyndsay,180,42000.000000
620,Lissy,60,37000.000000
621,Odessa,120,50000.000000
622,Hestia,180,18000.000000
623,Dorotea,88,10000.000000
624,Giraud,90,15000.000000
625,Tonya,180,37000.000000
626,Menard,88,37000.000000
627,Nicola,75,12000.000000
628,Maddy,60,25000.000000
629,Mace,88,18000.000000
630,Lyndy,180,37000.000000
631,Ivonne,90,20000.000000
632,Josepha,88,20000.000000
633,Shandra,120,50000.000000
634,Viva,88,25000.000000
635,Sherwin,180,10000.000000
636,Abigail,90,18000.000000
637,Rosalia,60,18000.000000
638,Merissa,60,25000.000000
639,Marylee,60,50000.000000
640,Wolfy,120,33000.000000
641,Maia,220,10000.000000
642,Elinor,60,33000.000000
643,Neron,180,42000.000000
644,Malachi,60,25000.000000
645,Sarajane,60,10000.000000
646,Arlie,88,42000.000000
647,Felike,220,12000.000000
648,Ethan,90,12000.000000
649,Ruthy,180,20000.000000
650,Hugo,60,30000.000000
651,Thorndike,220,10000.000000
652,Cesaro,325,30000.000000
653,Harmonia,75,12000.000000
654,Damara,180,12000.000000
655,Maddy,88,25000.000000
656,Filmer,90,50000.000000
657,Boothe,75,12000.000000
658,Dorrie,120,42000.000000
659,Willdon,220,10000.000000
660,Cindi,325,12000.000000
661,Shermie,120,12000.000000
662,Byrom,180,42000.000000
663,Millie,90,15000.000000
664,Natassia,325,42000.000000
665,Wheeler,60,25000.000000
666,Caritta,88,12000.000000
667,Kennan,120,12000.000000
668,Katina,180,20000.000000
669,Beverlee,60,25000.000000
670,Arlette,220,30000.000000
671,Jacqueline,90,50000.000000
672,Sheila-kathryn,90,10000.000000
673,Lambert,325,42000.000000
674,Lamont,220,33000.000000
675,Immanuel,75,33000.000000
676,Nani,220,50000.000000
677,Galen,60,50000.000000
678,Nilson,88,10000.000000
679,Tomi,60,50000.000000
680,Flore,75,30000.000000
681,Burgess,120,12000.000000
682,Tally,75,42000.000000
683,Jaquenette,60,25000.000000
684,Sly,60,42000.000000
685,Yul,60,30000.000000
686,Rosalyn,325,37000.000000
687,Devondra,75,10000.000000
688,Xenos,88,37000.000000
689,Terrence,75,42000.000000
690,Krystyna,60,50000.000000
691,Krishna,325,50000.000000
692,Zorina,75,18000.000000
693,Baxy,120,20000.000000
694,Terrie,75,42000.000000
695,Justino,220,18000.000000
696,Erhard,75,33000.000000
697,Robbie,120,30000.000000
698,Paddie,90,33000.000000
699,Evelyn,75,10000.000000
700,Abbot,90,33000.000000
